59
168528511292103414
912249249389430341
004431888717039761
648197932569934613
465901434898823795
208721856449672557
050475433323384444
226754453394863823
379393788220823488
194846571931850224
333215311473463125
217029578805854406
094743407236891087
194022828674821584
545630406119103145
669812375277158077
414005804059689014
834117822582279873
649543189878483344
622409857781888902
063153036552219188
213441092109750616
922294302964869964
741376444105858437
410727326854337479
736510927896083655
245514971023838722
846267851897523116
748437504474423501
106285001800974057
393263927632617882
730014084682916491
586158207006442196
821708148375015626
202704447150107767
454218824794435780
571280700962230668
182963006857492946
100984615752725343
863508967827509884
433141495284048867
549786147693737992
461528505209779741
966873913748949326
188962308538950672
490375264183418986
575448704168046917
751323238773425691
248884572388857933
263206390732255115
095917688251607787
902467093795435762
796842366649823164
158035982933410564
797659479870541639
674449843985244485
730503386538953089
963498219670457003
860115097821370969
