390
9718427234794172801
6515030461557659421
4875620363863416510
3240436276622620307
4274392904297026274
2493472321469491886
1655584634658915308
9047954106590141236
0742578065059896447
0322627631640393171
8977934329101182993
2937287393195668031
4922986795722269158
5154522020474629344
0498664328048239182
4519644956575579406
1813884939248836146
1262636614062437018
2692947595176812725
9742046559733226718
0596633079103030434
3643139034405725230
8396555118699961670
6779526252226085097
6655352776617793032
1572408508096894620
5795394026153895765
7473339747995958050
6044479282772145263
4765692467757861715
0803271247383728921
0878875820659146362
2572748104448848934
0737714419419277025
4531520567193829034
8542221949833974966
8045843059920053765
0998049350241146041
6914083204708243767
7836706740000113174
3516557278185050985
1936087311936952417
2279365467166966030
9546541426469487420
7230671344359268922
4984653781604014343
1764769199325701851
4146124945112981709
6994057657564324547
4896318826046806870
5184488786035328436
1979107485515752827
8588587984533705412
7737560331765426403
6970112824388927099
2931138898418980572
1462170576986575742
0210037909427125266
2536804223195771490
8566564324744341596
2480529884157746440
9497186623355128332
1589980686222781763
3325317857403557209
5008762585330872725
6524226236061915201
9193658050947978971
9296794028237955271
7213047940394861309
0650737939129932654
8537879748619799900
8426445761907173671
3343697040433759975
4684077636854897234
9699863636883778966
7107880051002310709
2965596654439929535
5531804792892457270
8847349946535418744
1459057140609277197
8309354831984621173
9189401043924856589
8542259893114373085
9788766850392858146
6895127329511769329
4157828532823776396
5773750657406667744
0357463957349354540
8151497051116375694
9268303778305826268
5911488298188159025
5898274368403733462
9423615532891410965
0850624605843202299
1234519246365507382
6139612452538732133
5476823756512209148
4989750824214107123
1590808462776396954
3344116284903784861
3256092746228142636
6097747902692755645
6797398608919275756
8253754872808124933
1092624243939720787
8709608583304539319
2135334507773655838
1451396458855098521
5793798164827108569
4020779672723962296
4036671866626572624
6091151990684151676
0205807060424583195
1299021327748838225
9258340944745557653
0489375388032885788
9931389000174584099
8442135822961993652
3680229546796009385
4304556340726249887
0337044096176679016
7668512136296815805
0992741874825146041
5810761508106448965
2671654620255720318
7137033340694785460
5817088189656312265
5442757915925779025
3029041519660641608
9823558619247906281
5934847243293922494
9306363464741388764
7867727131213483952
9612919708851509635
1790354557071399204
8751938491974092530
7730589054707953916
2872053518927272262
8816429714098545055
0058834699907726335
5520577539364740394
1648958047247766932
8178631606477812463
6660401277908769171
9342070234253485137
3312828796904586796
5262672203828128081
0922911841371822336
9705482987951541880
2571923664500539405
3964241531992984520
9197208211070092333
6226797539406231826
9232911677724666773
9215233566954224830
8438096838302435266
7780277761390557269
1517483015040928390
3081541568440928450
6314309572766206328
8804696636521002700
7488461047077673622
9645364993528918848
3764389568572753750
7088011211852425673
3986368943542358523
9636974551735421296
9290936738231789798
4252200206853388028
5374320459481229887
1347312700226024325
0370206172376080615
0919688335372275353
3989502720523763386
9903094789956549294
5435425443973024540
9733587771689401342
8844272588288595194
0729830136178922846
5590988897788116540
8789563841539424394
8592118679575375112
7793140140496096266
6347159808851884344
1670214846259765053
8622217731215871776
1232929862435327160
4868185607190169687
6673073320511820677
1897718479424419502
6280830138974154071
4410499345171690380
3542724310303550548
2941576645316260203
9416037998102806076
2821516123885270686
1450478522097557063
1152252880750171985
3670944425977985824
1671345553515607137
7150583437498850523
5599559478498219150
9105775214880296799
7784635047623381845
0134508875036284826
3148782433610785076
5919420469200477325
1493092337601189212
5491603859404311205
2781539369238998911
2814422391722054487
0667607230448538279
8047505984437426676
5720870252155955252
2651769094282200793
3901942190226443057
1030998877205867784
1717094043487551589
4079620353262966476
2505019092621080075
5404392169511664929
3608014000820424240
5149728400446136706
6584782513885839542
8671973886812158806
7533091685382640792
5936146684441817623
9601012506390066380
9221159546037966289
2138671592439781394
9615211831024829548
4941770892285638960
3163207407336604182
4559535940282383937
0486582002517184884
6910207315530938066
3218927515571585281
9868698234477599413
5567001431923331714
4927718911270326765
0537443122426153530
2239505832592461917
2535976800665758129
8467810574163740533
9483387904773217788
1668169745305021347
9981692239506177433
7273157035537886202
7205621702701735784
2389938822168177921
9185042842856356738
9269850628706517202
6072204832622542040
0474858725275434454
0382753024690735613
6335567288033955732
2960585994567706783
7229093850343102971
0296020029716055284
4274339223623986750
6449651409035000016
2891402050994827928
2597406128028238948
3400095740551463971
5773596245847914522
3572519347197827345
0136475586651651121
8818090542021574965
5264152289543029263
4976690269687135766
6309115143809695154
3310742695150074086
0530564474416924485
4759019917436229293
8756769539594430956
6262647009851463677
2447669235718934222
5640943985632836931
1255104915559827694
8926782321584383476
2139763129610525045
4221522428516612018
6987237753154449087
9580010123222663735
5300072032921813708
9393071564013989839
8103288360172106869
8223601432383448994
1379305639576033565
3511185795546687444
8168587667728268886
7970037107536023961
8042822327093351232
4132823360087277628
9042303733931384458
4064726054038952055
7399211628610090404
7273196389965924484
8497030020739735751
2316460698383878703
5300138268987666992
4062449654167465193
4665133062310270601
3499421341547425142
0601784308506818389
1184424636439887031
4214823760221997481
2330062407647028578
3833295459259125309
3293191895155304425
4601316011459879668
4913678318429607717
3176057301148170802
9699663890539538798
9643512566413331539
8752891024821639077
2262030505025823680
4786187443207735866
6569630827510197512
3235108664140174458
3280188833958525598
6641797505537481714
9738636032145528405
7473750589928901926
8204663800154422155
5329747047285507457
5429041625405482250
8562032948117351998
2929892884075488493
1632592546231321948
2572491578536992586
8264789596523492260
7409217772329937616
3636897874146811993
4997063868632266450
0206730852480200187
6219801243867046458
3041601436635630033
3146588273691997539
4807098188103524767
4619824822677197403
9130467370801775932
1352281229053538894
0432700123884311184
5205409213058705726
4729621387853562592
0851857100633366831
7977251175316578473
2479944441687631521
0683078280165911709
6682906824637975558
7648817302996251274
2168866892230117254
7752061410007075476
4529587899480973170
5505328681376273596
2557269282820866601
3641903917026709929
5678941761172555398
3950135851572642241
3640103874095147421
2393945718917868062
6034931990501763153
2672851073101971393
3412350452574607224
4438104865462962171
9267173740720690429
2200975921026417722
8478657320006171800
5004280847101088546
5415114012165578234
1024711335814516350
5347170789311517849
5023059641817418024
9847616844267870516
2264247432451722227
5253301005415768253
1748594821030211998
5723154132853781840
9512176731977905462
5434668079072693361
5726545901062577526
1017427197617203151
1654562539784117359
5281047346060755155
5070600959294544144
9340296809818376313
7489468714116978980
8321582161317170786
8321121156650650578
